{
  "version": "v4",
  "config": {
    "out_dir": "webdataset",
    "train_split": "full",
    "langs": [
      "ar",
      "de",
      "en",
      "es",
      "fr",
      "it",
      "ja",
      "pt",
      "zh"
    ],
    "epochs": 20,
    "steps_per_epoch": 12,
    "batch_per_lang": 32,
    "lr": 0.001,
    "wd": 0.0007,
    "temp": 0.07,
    "warmup": 150,
    "device": "cuda",
    "seed": 0,
    "weight_path": "webdataset/alignment/W_full_ar-de-en-es-fr-it-ja-pt-zh.pt",
    "version": "v4",
    "prox_id": 0.003,
    "ortho": 0.0,
    "max_grad_norm": 2.0,
    "early_stop_metric": "mAP",
    "holdout": 0.2
  },
  "results": [
    {
      "kind": "train",
      "n_pairs": 2214,
      "per_lang": {
        "before": {
          "ar": {
            "R@1": 0.198284,
            "R@5": 0.400632,
            "R@10": 0.490515,
            "mAP": 0.298438
          },
          "de": {
            "R@1": 0.328817,
            "R@5": 0.599819,
            "R@10": 0.686992,
            "mAP": 0.452524
          },
          "en": {
            "R@1": 0.425023,
            "R@5": 0.70822,
            "R@10": 0.789521,
            "mAP": 0.552586
          },
          "es": {
            "R@1": 0.358175,
            "R@5": 0.617435,
            "R@10": 0.704607,
            "mAP": 0.475709
          },
          "fr": {
            "R@1": 0.34327,
            "R@5": 0.600723,
            "R@10": 0.699639,
            "mAP": 0.463864
          },
          "it": {
            "R@1": 0.345528,
            "R@5": 0.602078,
            "R@10": 0.685637,
            "mAP": 0.465188
          },
          "ja": {
            "R@1": 0.216802,
            "R@5": 0.429991,
            "R@10": 0.537489,
            "mAP": 0.323715
          },
          "pt": {
            "R@1": 0.361789,
            "R@5": 0.61608,
            "R@10": 0.711382,
            "mAP": 0.479005
          },
          "zh": {
            "R@1": 0.269648,
            "R@5": 0.504517,
            "R@10": 0.616531,
            "mAP": 0.383409
          }
        },
        "after": {
          "ar": {
            "R@1": 0.228546,
            "R@5": 0.438573,
            "R@10": 0.525745,
            "mAP": 0.329895
          },
          "de": {
            "R@1": 0.365402,
            "R@5": 0.628726,
            "R@10": 0.710027,
            "mAP": 0.48748
          },
          "en": {
            "R@1": 0.450316,
            "R@5": 0.725384,
            "R@10": 0.801716,
            "mAP": 0.574018
          },
          "es": {
            "R@1": 0.384824,
            "R@5": 0.64047,
            "R@10": 0.723577,
            "mAP": 0.502244
          },
          "fr": {
            "R@1": 0.377145,
            "R@5": 0.623758,
            "R@10": 0.721319,
            "mAP": 0.494104
          },
          "it": {
            "R@1": 0.374435,
            "R@5": 0.638663,
            "R@10": 0.718157,
            "mAP": 0.493399
          },
          "ja": {
            "R@1": 0.240741,
            "R@5": 0.47832,
            "R@10": 0.588979,
            "mAP": 0.353924
          },
          "pt": {
            "R@1": 0.392051,
            "R@5": 0.644986,
            "R@10": 0.733514,
            "mAP": 0.508651
          },
          "zh": {
            "R@1": 0.287263,
            "R@5": 0.541554,
            "R@10": 0.645438,
            "mAP": 0.406732
          }
        },
        "delta": {
          "ar": {
            "R@1": 0.030262,
            "R@5": 0.037941,
            "R@10": 0.03523,
            "mAP": 0.031457
          },
          "de": {
            "R@1": 0.036585,
            "R@5": 0.028907,
            "R@10": 0.023035,
            "mAP": 0.034956
          },
          "en": {
            "R@1": 0.025293,
            "R@5": 0.017164,
            "R@10": 0.012195,
            "mAP": 0.021432
          },
          "es": {
            "R@1": 0.026649,
            "R@5": 0.023035,
            "R@10": 0.01897,
            "mAP": 0.026535
          },
          "fr": {
            "R@1": 0.033875,
            "R@5": 0.023035,
            "R@10": 0.02168,
            "mAP": 0.03024
          },
          "it": {
            "R@1": 0.028907,
            "R@5": 0.036585,
            "R@10": 0.03252,
            "mAP": 0.028211
          },
          "ja": {
            "R@1": 0.023939,
            "R@5": 0.048329,
            "R@10": 0.05149,
            "mAP": 0.030209
          },
          "pt": {
            "R@1": 0.030262,
            "R@5": 0.028906,
            "R@10": 0.022132,
            "mAP": 0.029646
          },
          "zh": {
            "R@1": 0.017615,
            "R@5": 0.037037,
            "R@10": 0.028907,
            "mAP": 0.023323
          }
        }
      },
      "macro_avg": {
        "before": {
          "R@1": 0.316371,
          "R@5": 0.564388,
          "R@10": 0.658035,
          "mAP": 0.432715
        },
        "after": {
          "R@1": 0.344525,
          "R@5": 0.595604,
          "R@10": 0.685386,
          "mAP": 0.461161
        },
        "delta": {
          "R@1": 0.028154,
          "R@5": 0.031215,
          "R@10": 0.027351,
          "mAP": 0.028445
        }
      }
    },
    {
      "kind": "holdout",
      "n_pairs": 554,
      "per_lang": {
        "before": {
          "ar": {
            "R@1": 0.323105,
            "R@5": 0.583032,
            "R@10": 0.676895,
            "mAP": 0.442233
          },
          "de": {
            "R@1": 0.476534,
            "R@5": 0.734657,
            "R@10": 0.810469,
            "mAP": 0.596575
          },
          "en": {
            "R@1": 0.620939,
            "R@5": 0.82491,
            "R@10": 0.895307,
            "mAP": 0.711415
          },
          "es": {
            "R@1": 0.505415,
            "R@5": 0.765343,
            "R@10": 0.848375,
            "mAP": 0.620503
          },
          "fr": {
            "R@1": 0.51083,
            "R@5": 0.743682,
            "R@10": 0.799639,
            "mAP": 0.617555
          },
          "it": {
            "R@1": 0.469314,
            "R@5": 0.731047,
            "R@10": 0.8213,
            "mAP": 0.594589
          },
          "ja": {
            "R@1": 0.350181,
            "R@5": 0.611913,
            "R@10": 0.716606,
            "mAP": 0.469992
          },
          "pt": {
            "R@1": 0.50722,
            "R@5": 0.768953,
            "R@10": 0.857401,
            "mAP": 0.62394
          },
          "zh": {
            "R@1": 0.418773,
            "R@5": 0.685921,
            "R@10": 0.770758,
            "mAP": 0.540394
          }
        },
        "after": {
          "ar": {
            "R@1": 0.377256,
            "R@5": 0.611913,
            "R@10": 0.694946,
            "mAP": 0.487914
          },
          "de": {
            "R@1": 0.481949,
            "R@5": 0.761733,
            "R@10": 0.83935,
            "mAP": 0.610349
          },
          "en": {
            "R@1": 0.622744,
            "R@5": 0.850181,
            "R@10": 0.897112,
            "mAP": 0.719008
          },
          "es": {
            "R@1": 0.521661,
            "R@5": 0.788809,
            "R@10": 0.864621,
            "mAP": 0.638332
          },
          "fr": {
            "R@1": 0.536101,
            "R@5": 0.745487,
            "R@10": 0.808664,
            "mAP": 0.63231
          },
          "it": {
            "R@1": 0.49639,
            "R@5": 0.743682,
            "R@10": 0.84657,
            "mAP": 0.612874
          },
          "ja": {
            "R@1": 0.368231,
            "R@5": 0.658845,
            "R@10": 0.731047,
            "mAP": 0.49596
          },
          "pt": {
            "R@1": 0.525271,
            "R@5": 0.774368,
            "R@10": 0.868231,
            "mAP": 0.641114
          },
          "zh": {
            "R@1": 0.449458,
            "R@5": 0.694946,
            "R@10": 0.781588,
            "mAP": 0.561436
          }
        },
        "delta": {
          "ar": {
            "R@1": 0.054151,
            "R@5": 0.028881,
            "R@10": 0.018051,
            "mAP": 0.045681
          },
          "de": {
            "R@1": 0.005415,
            "R@5": 0.027076,
            "R@10": 0.028881,
            "mAP": 0.013774
          },
          "en": {
            "R@1": 0.001805,
            "R@5": 0.025271,
            "R@10": 0.001805,
            "mAP": 0.007593
          },
          "es": {
            "R@1": 0.016246,
            "R@5": 0.023466,
            "R@10": 0.016246,
            "mAP": 0.017829
          },
          "fr": {
            "R@1": 0.025271,
            "R@5": 0.001805,
            "R@10": 0.009025,
            "mAP": 0.014755
          },
          "it": {
            "R@1": 0.027076,
            "R@5": 0.012635,
            "R@10": 0.02527,
            "mAP": 0.018285
          },
          "ja": {
            "R@1": 0.01805,
            "R@5": 0.046932,
            "R@10": 0.014441,
            "mAP": 0.025968
          },
          "pt": {
            "R@1": 0.018051,
            "R@5": 0.005415,
            "R@10": 0.01083,
            "mAP": 0.017174
          },
          "zh": {
            "R@1": 0.030685,
            "R@5": 0.009025,
            "R@10": 0.01083,
            "mAP": 0.021042
          }
        }
      },
      "macro_avg": {
        "before": {
          "R@1": 0.464701,
          "R@5": 0.716606,
          "R@10": 0.799639,
          "mAP": 0.579688
        },
        "after": {
          "R@1": 0.486562,
          "R@5": 0.736663,
          "R@10": 0.814681,
          "mAP": 0.599922
        },
        "delta": {
          "R@1": 0.021861,
          "R@5": 0.020056,
          "R@10": 0.015042,
          "mAP": 0.020233
        }
      },
      "split": "holdout"
    }
  ],
  "diagnostics": {
    "train": {
      "before": {
        "label": "before",
        "gram_corr_mean": 0.345151,
        "gram_corr_matrix": [
          [
            1.0,
            0.3048002294854536,
            0.3124401608972338,
            0.32587308648194857,
            0.28379625134168734,
            0.2971202817730487,
            0.21029004340237822,
            0.2946516758258482,
            0.2612562599785759
          ],
          [
            0.3048002294854536,
            1.0,
            0.3986170528146148,
            0.4187074240608732,
            0.4134332648826487,
            0.4235092325014859,
            0.244313335562613,
            0.4116376302341019,
            0.2678016662015174
          ],
          [
            0.3124401608972338,
            0.3986170528146148,
            1.0,
            0.4654857434699856,
            0.41445764960335635,
            0.4412282759467987,
            0.21786258621647372,
            0.44579327646792133,
            0.33179980640715656
          ],
          [
            0.32587308648194857,
            0.4187074240608732,
            0.4654857434699856,
            1.0,
            0.44752935376827263,
            0.495189727730614,
            0.26606481920761965,
            0.464910407826062,
            0.3244869978431431
          ],
          [
            0.28379625134168734,
            0.4134332648826487,
            0.41445764960335635,
            0.44752935376827263,
            1.0,
            0.4483221106282112,
            0.23259737779849202,
            0.4395537912860997,
            0.3023468100797892
          ],
          [
            0.2971202817730487,
            0.4235092325014859,
            0.4412282759467987,
            0.495189727730614,
            0.4483221106282112,
            1.0,
            0.2436976506600077,
            0.44779210579519746,
            0.29729987808947006
          ],
          [
            0.21029004340237822,
            0.244313335562613,
            0.21786258621647372,
            0.26606481920761965,
            0.23259737779849202,
            0.2436976506600077,
            1.0,
            0.23837065124051748,
            0.3002608123624789
          ],
          [
            0.2946516758258482,
            0.4116376302341019,
            0.44579327646792133,
            0.464910407826062,
            0.4395537912860997,
            0.44779210579519746,
            0.23837065124051748,
            1.0,
            0.29213433120415216
          ],
          [
            0.2612562599785759,
            0.2678016662015174,
            0.33179980640715656,
            0.3244869978431431,
            0.3023468100797892,
            0.29729987808947006,
            0.3002608123624789,
            0.29213433120415216,
            1.0
          ]
        ],
        "per_lang": {
          "ar": {
            "effective_rank": 119.8319,
            "pca90_components": 182,
            "mean_pairwise_cosine": 0.735754,
            "PoZ": 0.043368,
            "entropy": 0.714918
          },
          "de": {
            "effective_rank": 135.7961,
            "pca90_components": 197,
            "mean_pairwise_cosine": 0.640956,
            "PoZ": 0.034226,
            "entropy": 0.755218
          },
          "en": {
            "effective_rank": 157.4983,
            "pca90_components": 210,
            "mean_pairwise_cosine": 0.553009,
            "PoZ": 0.028595,
            "entropy": 0.795113
          },
          "es": {
            "effective_rank": 140.4694,
            "pca90_components": 199,
            "mean_pairwise_cosine": 0.619504,
            "PoZ": 0.032877,
            "entropy": 0.764054
          },
          "fr": {
            "effective_rank": 145.1311,
            "pca90_components": 201,
            "mean_pairwise_cosine": 0.635304,
            "PoZ": 0.033561,
            "entropy": 0.75659
          },
          "it": {
            "effective_rank": 138.7174,
            "pca90_components": 199,
            "mean_pairwise_cosine": 0.635262,
            "PoZ": 0.034393,
            "entropy": 0.757951
          },
          "ja": {
            "effective_rank": 120.6806,
            "pca90_components": 180,
            "mean_pairwise_cosine": 0.756048,
            "PoZ": 0.043576,
            "entropy": 0.704487
          },
          "pt": {
            "effective_rank": 143.8857,
            "pca90_components": 203,
            "mean_pairwise_cosine": 0.623356,
            "PoZ": 0.0337,
            "entropy": 0.763057
          },
          "zh": {
            "effective_rank": 127.771,
            "pca90_components": 187,
            "mean_pairwise_cosine": 0.740199,
            "PoZ": 0.041865,
            "entropy": 0.713141
          }
        },
        "macro_avg": {
          "effective_rank": 136.642389,
          "pca90_components": 195.333333,
          "mean_pairwise_cosine": 0.659932,
          "PoZ": 0.03624,
          "entropy": 0.74717
        }
      },
      "after": {
        "label": "after",
        "gram_corr_mean": 0.350041,
        "gram_corr_matrix": [
          [
            1.0,
            0.3120697492948403,
            0.32168007322422437,
            0.33412278608381885,
            0.29016414506547517,
            0.3064961877319988,
            0.2194875031989063,
            0.30293050718478975,
            0.26869914614772433
          ],
          [
            0.3120697492948403,
            1.0,
            0.4009569226373235,
            0.41962759792319937,
            0.41259869163203616,
            0.42466435704389777,
            0.251136901427084,
            0.41105454699869154,
            0.2732873172316802
          ],
          [
            0.32168007322422437,
            0.4009569226373235,
            1.0,
            0.46718182845637346,
            0.41592816385091863,
            0.4419862815008204,
            0.22999430563769144,
            0.44866737045446103,
            0.338971686299813
          ],
          [
            0.33412278608381885,
            0.41962759792319937,
            0.46718182845637346,
            1.0,
            0.4488751803480752,
            0.4933101862652431,
            0.2774311084404711,
            0.4648025616355977,
            0.32917691626641643
          ],
          [
            0.29016414506547517,
            0.41259869163203616,
            0.41592816385091863,
            0.4488751803480752,
            1.0,
            0.44801330094131525,
            0.2424507607400808,
            0.43936988225807216,
            0.3071667130517444
          ],
          [
            0.3064961877319988,
            0.42466435704389777,
            0.4419862815008204,
            0.4933101862652431,
            0.44801330094131525,
            1.0,
            0.2536610718118639,
            0.4479074100879205,
            0.30245902230663746
          ],
          [
            0.2194875031989063,
            0.251136901427084,
            0.22999430563769144,
            0.2774311084404711,
            0.2424507607400808,
            0.2536610718118639,
            1.0,
            0.24828855486883022,
            0.3067598907819992
          ],
          [
            0.30293050718478975,
            0.41105454699869154,
            0.44866737045446103,
            0.4648025616355977,
            0.43936988225807216,
            0.4479074100879205,
            0.24828855486883022,
            1.0,
            0.3000953763978342
          ],
          [
            0.26869914614772433,
            0.2732873172316802,
            0.338971686299813,
            0.32917691626641643,
            0.3071667130517444,
            0.30245902230663746,
            0.3067598907819992,
            0.3000953763978342,
            1.0
          ]
        ],
        "per_lang": {
          "ar": {
            "effective_rank": 116.4663,
            "pca90_components": 177,
            "mean_pairwise_cosine": 0.705984,
            "PoZ": 0.042654,
            "entropy": 0.747759
          },
          "de": {
            "effective_rank": 129.6111,
            "pca90_components": 192,
            "mean_pairwise_cosine": 0.600044,
            "PoZ": 0.033721,
            "entropy": 0.790238
          },
          "en": {
            "effective_rank": 149.6387,
            "pca90_components": 205,
            "mean_pairwise_cosine": 0.503071,
            "PoZ": 0.028016,
            "entropy": 0.8308
          },
          "es": {
            "effective_rank": 133.9703,
            "pca90_components": 194,
            "mean_pairwise_cosine": 0.575583,
            "PoZ": 0.032722,
            "entropy": 0.800531
          },
          "fr": {
            "effective_rank": 138.3145,
            "pca90_components": 196,
            "mean_pairwise_cosine": 0.592878,
            "PoZ": 0.032596,
            "entropy": 0.792418
          },
          "it": {
            "effective_rank": 132.5909,
            "pca90_components": 194,
            "mean_pairwise_cosine": 0.593346,
            "PoZ": 0.033679,
            "entropy": 0.793226
          },
          "ja": {
            "effective_rank": 116.0902,
            "pca90_components": 175,
            "mean_pairwise_cosine": 0.728065,
            "PoZ": 0.043001,
            "entropy": 0.736927
          },
          "pt": {
            "effective_rank": 137.4395,
            "pca90_components": 198,
            "mean_pairwise_cosine": 0.580457,
            "PoZ": 0.032932,
            "entropy": 0.798289
          },
          "zh": {
            "effective_rank": 122.6167,
            "pca90_components": 182,
            "mean_pairwise_cosine": 0.710642,
            "PoZ": 0.041303,
            "entropy": 0.745108
          }
        },
        "macro_avg": {
          "effective_rank": 130.748689,
          "pca90_components": 190.333333,
          "mean_pairwise_cosine": 0.621119,
          "PoZ": 0.035625,
          "entropy": 0.7817
        }
      },
      "delta_macro": {
        "effective_rank": -5.8937,
        "pca90_components": -5.0,
        "mean_pairwise_cosine": -0.038813,
        "PoZ": -0.000615,
        "entropy": 0.03453
      },
      "gram_corr_mean": {
        "before": 0.345151,
        "after": 0.350041
      }
    },
    "holdout": {
      "before": {
        "label": "before",
        "gram_corr_mean": 0.342439,
        "gram_corr_matrix": [
          [
            1.0,
            0.2142867583655697,
            0.2821306442995719,
            0.31708681812716455,
            0.2710175501781338,
            0.24490967363603922,
            0.2923610503343677,
            0.3032754099985129,
            0.26318065359320525
          ],
          [
            0.2142867583655697,
            1.0,
            0.4001525576306029,
            0.4720237242023135,
            0.3847964199480277,
            0.3367137402811789,
            0.23363480617702556,
            0.3655038275244676,
            0.2530260408031713
          ],
          [
            0.2821306442995719,
            0.4001525576306029,
            1.0,
            0.4383716285272291,
            0.43410233438661616,
            0.41275295729625455,
            0.27426814291151086,
            0.4267799550969539,
            0.3375156108477177
          ],
          [
            0.31708681812716455,
            0.4720237242023135,
            0.4383716285272291,
            1.0,
            0.42084585207235664,
            0.4573786324058816,
            0.27634990753549754,
            0.47796550754703937,
            0.3071147505753403
          ],
          [
            0.2710175501781338,
            0.3847964199480277,
            0.43410233438661616,
            0.42084585207235664,
            1.0,
            0.3609024567697515,
            0.301903297920349,
            0.43186791573772726,
            0.3111154425005246
          ],
          [
            0.24490967363603922,
            0.3367137402811789,
            0.41275295729625455,
            0.4573786324058816,
            0.3609024567697515,
            1.0,
            0.2977335443525819,
            0.3854594732383425,
            0.3316354722143329
          ],
          [
            0.2923610503343677,
            0.23363480617702556,
            0.27426814291151086,
            0.27634990753549754,
            0.301903297920349,
            0.2977335443525819,
            1.0,
            0.2819238425150708,
            0.4145319395373276
          ],
          [
            0.3032754099985129,
            0.3655038275244676,
            0.4267799550969539,
            0.47796550754703937,
            0.43186791573772726,
            0.3854594732383425,
            0.2819238425150708,
            1.0,
            0.31317970750491175
          ],
          [
            0.26318065359320525,
            0.2530260408031713,
            0.3375156108477177,
            0.3071147505753403,
            0.3111154425005246,
            0.3316354722143329,
            0.4145319395373276,
            0.31317970750491175,
            1.0
          ]
        ],
        "per_lang": {
          "ar": {
            "effective_rank": 100.5211,
            "pca90_components": 136,
            "mean_pairwise_cosine": 0.725312,
            "PoZ": 0.042052,
            "entropy": 0.71709
          },
          "de": {
            "effective_rank": 109.9839,
            "pca90_components": 149,
            "mean_pairwise_cosine": 0.633852,
            "PoZ": 0.034934,
            "entropy": 0.756907
          },
          "en": {
            "effective_rank": 129.9255,
            "pca90_components": 160,
            "mean_pairwise_cosine": 0.551533,
            "PoZ": 0.029152,
            "entropy": 0.796416
          },
          "es": {
            "effective_rank": 117.3375,
            "pca90_components": 152,
            "mean_pairwise_cosine": 0.63285,
            "PoZ": 0.033817,
            "entropy": 0.75646
          },
          "fr": {
            "effective_rank": 117.2261,
            "pca90_components": 152,
            "mean_pairwise_cosine": 0.635916,
            "PoZ": 0.034074,
            "entropy": 0.756171
          },
          "it": {
            "effective_rank": 114.4776,
            "pca90_components": 150,
            "mean_pairwise_cosine": 0.643787,
            "PoZ": 0.034236,
            "entropy": 0.753268
          },
          "ja": {
            "effective_rank": 101.1187,
            "pca90_components": 136,
            "mean_pairwise_cosine": 0.757796,
            "PoZ": 0.045581,
            "entropy": 0.704563
          },
          "pt": {
            "effective_rank": 117.5434,
            "pca90_components": 153,
            "mean_pairwise_cosine": 0.618428,
            "PoZ": 0.033743,
            "entropy": 0.764942
          },
          "zh": {
            "effective_rank": 100.8212,
            "pca90_components": 137,
            "mean_pairwise_cosine": 0.733234,
            "PoZ": 0.042489,
            "entropy": 0.714771
          }
        },
        "macro_avg": {
          "effective_rank": 112.106111,
          "pca90_components": 147.222222,
          "mean_pairwise_cosine": 0.65919,
          "PoZ": 0.036675,
          "entropy": 0.746732
        }
      },
      "after": {
        "label": "after",
        "gram_corr_mean": 0.350745,
        "gram_corr_matrix": [
          [
            1.0,
            0.2260397652224335,
            0.29915822394572145,
            0.3330846210794311,
            0.2846042550870333,
            0.25556877473787315,
            0.30419444166133514,
            0.31142911004961793,
            0.2699938737839297
          ],
          [
            0.2260397652224335,
            1.0,
            0.4040527857905033,
            0.47691053831498986,
            0.38794473414941105,
            0.3430076337017814,
            0.24822131796078675,
            0.3711397082637331,
            0.26524257864724077
          ],
          [
            0.29915822394572145,
            0.4040527857905033,
            1.0,
            0.44216450302866567,
            0.44295577616801973,
            0.41459319297948183,
            0.2853642367025256,
            0.4343377706084374,
            0.34521603028282577
          ],
          [
            0.3330846210794311,
            0.47691053831498986,
            0.44216450302866567,
            1.0,
            0.423952782521384,
            0.46158473071697226,
            0.2884073555373426,
            0.48358791458625994,
            0.3188912087274451
          ],
          [
            0.2846042550870333,
            0.38794473414941105,
            0.44295577616801973,
            0.423952782521384,
            1.0,
            0.367951773345846,
            0.3113883284977433,
            0.4379064640623902,
            0.31805477278468935
          ],
          [
            0.25556877473787315,
            0.3430076337017814,
            0.41459319297948183,
            0.46158473071697226,
            0.367951773345846,
            1.0,
            0.3052331984096396,
            0.388928993551796,
            0.340633115928787
          ],
          [
            0.30419444166133514,
            0.24822131796078675,
            0.2853642367025256,
            0.2884073555373426,
            0.3113883284977433,
            0.3052331984096396,
            1.0,
            0.2925170971233871,
            0.42185779560111764
          ],
          [
            0.31142911004961793,
            0.3711397082637331,
            0.4343377706084374,
            0.48358791458625994,
            0.4379064640623902,
            0.388928993551796,
            0.2925170971233871,
            1.0,
            0.3207141131927115
          ],
          [
            0.2699938737839297,
            0.26524257864724077,
            0.34521603028282577,
            0.3188912087274451,
            0.31805477278468935,
            0.340633115928787,
            0.42185779560111764,
            0.3207141131927115,
            1.0
          ]
        ],
        "per_lang": {
          "ar": {
            "effective_rank": 98.0622,
            "pca90_components": 133,
            "mean_pairwise_cosine": 0.694213,
            "PoZ": 0.041192,
            "entropy": 0.750932
          },
          "de": {
            "effective_rank": 106.0096,
            "pca90_components": 145,
            "mean_pairwise_cosine": 0.592896,
            "PoZ": 0.033855,
            "entropy": 0.791353
          },
          "en": {
            "effective_rank": 125.166,
            "pca90_components": 156,
            "mean_pairwise_cosine": 0.503729,
            "PoZ": 0.028624,
            "entropy": 0.830186
          },
          "es": {
            "effective_rank": 112.9688,
            "pca90_components": 148,
            "mean_pairwise_cosine": 0.591847,
            "PoZ": 0.03333,
            "entropy": 0.789993
          },
          "fr": {
            "effective_rank": 113.1834,
            "pca90_components": 148,
            "mean_pairwise_cosine": 0.595003,
            "PoZ": 0.033471,
            "entropy": 0.789806
          },
          "it": {
            "effective_rank": 110.7316,
            "pca90_components": 146,
            "mean_pairwise_cosine": 0.603709,
            "PoZ": 0.033432,
            "entropy": 0.787587
          },
          "ja": {
            "effective_rank": 98.592,
            "pca90_components": 133,
            "mean_pairwise_cosine": 0.731198,
            "PoZ": 0.044051,
            "entropy": 0.734994
          },
          "pt": {
            "effective_rank": 113.2247,
            "pca90_components": 149,
            "mean_pairwise_cosine": 0.575651,
            "PoZ": 0.033147,
            "entropy": 0.799194
          },
          "zh": {
            "effective_rank": 97.6662,
            "pca90_components": 134,
            "mean_pairwise_cosine": 0.70338,
            "PoZ": 0.040994,
            "entropy": 0.746155
          }
        },
        "macro_avg": {
          "effective_rank": 108.4005,
          "pca90_components": 143.555556,
          "mean_pairwise_cosine": 0.621292,
          "PoZ": 0.035788,
          "entropy": 0.780022
        }
      },
      "delta_macro": {
        "effective_rank": -3.705611,
        "pca90_components": -3.666666,
        "mean_pairwise_cosine": -0.037898,
        "PoZ": -0.000887,
        "entropy": 0.03329
      },
      "gram_corr_mean": {
        "before": 0.342439,
        "after": 0.350745
      }
    }
  }
}